0 !LEOCAD MODEL AUTHOR Dr. Olaf Filies, Marcus Gordon Filies
0 !LPUB PAGE DOCUMENT_AUTHOR_FRONT CONTENT GLOBAL "Model instructions by\nDr. Olaf Filies\nMarcus Gordon Filies"
0 !LPUB PAGE DOCUMENT_AUTHOR_FRONT FONT GLOBAL "Arial,48,-1,5,75,0,0,0,0,0,Fett"
0 !LPUB PAGE MODEL_ID CONTENT GLOBAL "Part 2."
0 !LPUB PAGE MODEL_DESCRIPTION CONTENT GLOBAL "Dr. Olaf Filies, Marcus Gordon Filies"
0 !LPUB PAGE MODEL_DESCRIPTION PLACEMENT LOCAL BOTTOM LEFT MODEL_PARTS OUTSIDE 0.0142743 3.07262e-15
0 !LEOCAD MODEL DESCRIPTION Holonomic driving platform
0 !LEOCAD MODEL COMMENT Three pod holonomic driving platform using NXT motors and rotocaster omniwheels.
0 !LPUB INSERT COVER_PAGE FRONT
0 STEP
1 7 -10 -56 -90 0 0 -1 -1 0 0 0 1 0 32013.dat
1 1 -10 -76 -90 0 0 1 -1 0 0 0 -1 0 6558.dat
0 STEP
1 7 50 -56 -90 1 0 0 0 1 0 0 0 1 32073.dat
0 STEP
1 7 110 -56 -90 0 0 1 -1 0 0 0 -1 0 32013.dat
1 1 110 -76 -90 0 -0.5 0.866025 -1 0 0 0 -0.866025 -0.5 6558.dat
0 STEP
1 7 -69.9011 -76 14.3109 0.866026 0 -0.5 0 1 0 0.5 0 0.866026 41239.dat
1 7 169.9616 -76 13.8564 0.866025 0 0.5 0 1 0 -0.5 0 0.866025 41239.dat
0 STEP
1 7 230 -56 118.0385 0 -0.866025 0.5 -1 0 0 0 -0.5 -0.866025 32013.dat
1 1 230 -76 118.0385 0 -0.866026 -0.5 -1 0 0 0 0.5 -0.866026 6558.dat
1 7 200 -56 170 0.5 0 0.866025 0 1 0 -0.866025 0 0.5 32073.dat
0 STEP
1 7 170 -56 221.9615 0 0.866025 -0.5 -1 0 0 0 0.5 0.866025 32013.dat
1 1 170 -76 221.9615 0 -0.866025 0.5 -1 0 0 0 -0.5 -0.866025 6558.dat
0 STEP
1 7 50.0868 -76 222.3564 0 0 1 0 1 0 -1 0 0 41239.dat
1 1 -69.9132 -76 222.3564 0 0 1 -1 0 0 0 -1 0 6558.dat
1 1 -129.9132 -76 117.3564 0 -0.866025 0.5 -1 0 0 0 -0.5 -0.866025 6558.dat
0 STEP
1 7 -70.2793 -56 222.9904 0 0.866025 0.5 -1 0 0 0 -0.5 0.866025 32013.dat
1 7 -129.9133 -56 117.7014 0 -0.866025 -0.5 -1 0 0 0 0.5 -0.866025 32013.dat
1 7 -100.8038 -57 169 -0.5 0 0.866025 0 1 0 -0.866025 0 -0.5 32073.dat
0 STEP
1 0 119.9616 -87 -72.7461 0 0.866025 0.5 -1 0 0 0 -0.5 0.866025 2780.dat
1 0 -19.8274 -87 -72.8679 0 0.866026 -0.5 -1 0 0 0 0.5 0.866026 2780.dat
1 0 -119.1497 -87 101.1006 0 0.866026 -0.5 -1 0 0 0 0.5 0.866026 2780.dat
1 0 -50.0157 -87 222.8441 0 0.866025 0.5 -1 0 0 0 -0.5 0.866025 2780.dat
1 0 149.8066 -87 221.9466 0 1 0 -1 0 0 0 0 1 2780.dat
1 0 220.4616 -87 101.3249 0 0.866025 0.5 -1 0 0 0 -0.5 0.866025 2780.dat
1 0 -40.3274 -66 -37.3608 0 0.866026 -0.5 -1 0 0 0 0.5 0.866026 2780.dat
1 0 -100.3274 -66 66.5623 0 0.866026 -0.5 -1 0 0 0 0.5 0.866026 2780.dat
1 1 -29.9132 -96 222.3564 0 0 1 -1 0 0 0 -1 0 6558.dat
1 1 10.0868 -96 222.3564 0 0 1 -1 0 0 0 -1 0 6558.dat
1 1 -109.9132 -96 82.7154 0 -0.866025 0.5 -1 0 0 0 -0.5 -0.866025 6558.dat
1 1 -89.9132 -96 48.0744 0 -0.866025 0.5 -1 0 0 0 -0.5 -0.866025 6558.dat
1 1 210 -96 83.3974 0 -0.866026 -0.5 -1 0 0 0 0.5 -0.866026 6558.dat
1 1 190 -96 48.7564 0 -0.866026 -0.5 -1 0 0 0 0.5 -0.866026 6558.dat
1 1 150 -96 -20.718 0 -0.5 0.866025 -1 0 0 0 -0.866025 -0.5 6558.dat
1 1 130 -96 -55.359 0 -0.5 0.866025 -1 0 0 0 -0.866025 -0.5 6558.dat
1 1 -49.9132 -96 -21.2076 0 -0.866025 0.5 -1 0 0 0 -0.5 -0.866025 6558.dat
1 1 -29.4132 -96 -56.7146 0 -0.866025 0.5 -1 0 0 0 -0.5 -0.866025 6558.dat
1 1 89.0868 -96 222.3564 0 0 1 -1 0 0 0 -1 0 6558.dat
1 1 129.0868 -96 222.3564 0 0 1 -1 0 0 0 -1 0 6558.dat
0 STEP
1 0 119.9616 -96 -72.7461 0.866025 0 0.5 0 1 0 -0.5 0 0.866025 32523.dat
1 0 219.9616 -96 100.4589 0.866025 0 0.5 0 1 0 -0.5 0 0.866025 32523.dat
1 0 150.0868 -96 222.3564 0 0 1 0 1 0 -1 0 0 32523.dat
1 0 -49.9132 -96 222.3564 0 0 1 0 1 0 -1 0 0 32523.dat
1 0 -19.9011 -96 -72.2917 0.866026 0 -0.5 0 1 0 0.5 0 0.866026 32523.dat
1 0 -119.9011 -96 100.9135 0.866026 0 -0.5 0 1 0 0.5 0 0.866026 32523.dat
0 STEP
1 7 138.8112 -96 134.8109 0.866026 0 -0.5 0 1 0 0.5 0 0.866026 32525.dat
1 7 -39.6164 -96 134.8564 0.866025 0 0.5 0 1 0 -0.5 0 0.866025 32525.dat
1 7 50.0868 -96 -20.6436 0 0 1 0 1 0 -1 0 0 32525.dat
0 STEP
1 0 109.0868 -116 222.3564 0 0 1 0 1 0 -1 0 0 32523.dat
1 0 -8.9132 -116 222.3564 0 0 1 0 1 0 -1 0 0 32523.dat
1 0 199.9616 -116 65.8179 0.866025 0 0.5 0 1 0 -0.5 0 0.866025 32523.dat
1 0 139.9616 -116 -38.1051 0.866025 0 0.5 0 1 0 -0.5 0 0.866025 32523.dat
1 0 -39.4011 -116 -38.5167 0.866026 0 -0.5 0 1 0 0.5 0 0.866026 32523.dat
1 0 -99.4011 -116 65.4064 0.866026 0 -0.5 0 1 0 0.5 0 0.866026 32523.dat
0 STEP
1 0 70.0868 -106 -20.6436 0 0 1 -1 0 0 0 -1 0 4459.dat
1 0 90.0868 -106 -20.6436 0 0 1 -1 0 0 0 -1 0 4459.dat
1 0 30.0868 -106 -20.6436 0 0 1 -1 0 0 0 -1 0 4459.dat
1 0 10.0868 -106 -20.6436 0 0 1 -1 0 0 0 -1 0 4459.dat
1 0 -29.1164 -106 153.0429 0 -0.866025 0.5 1 0 0 0 0.5 0.866025 4459.dat
1 0 -19.1164 -106 170.3634 0 -0.866025 0.5 1 0 0 0 0.5 0.866025 4459.dat
1 0 -50.1164 -106 116.6698 0 -0.866025 0.5 1 0 0 0 0.5 0.866025 4459.dat
1 0 -60.1164 -106 99.3493 0 -0.866025 0.5 1 0 0 0 0.5 0.866025 4459.dat
1 0 149.3112 -106 116.6243 0 -0.866026 -0.5 1 0 0 0 -0.5 0.866026 4459.dat
1 0 159.3112 -106 99.3038 0 -0.866026 -0.5 1 0 0 0 -0.5 0.866026 4459.dat
1 0 128.8112 -106 152.1314 0 -0.866026 -0.5 1 0 0 0 -0.5 0.866026 4459.dat
1 0 118.8112 -106 169.4519 0 -0.866026 -0.5 1 0 0 0 -0.5 0.866026 4459.dat
0 STEP
1 0 90.3499 -116 39.3036 -1 0 0 0 1 0 0 0 -1 32140.dat
1 0 10.3496 -116 39.3037 1 0 0 0 -1 0 0 0 -1 32140.dat
1 0 66.7754 -116 138.8538 0.5 0 0.866025 0 1 0 -0.866025 0 0.5 32140.dat
1 0 106.7754 -116 69.5714 -0.5 0 0.866025 0 -1 0 0.866025 0 0.5 32140.dat
1 0 -8.308 -116 69.7055 0.5 0 -0.866025 0 1 0 0.866025 0 0.5 32140.dat
1 0 32.6922 -116 140.7198 -0.5 0 -0.866025 0 -1 0 -0.866025 0 0.5 32140.dat
0 STEP
1 1 -1.9488 -106 160.7198 0 -0.5 -0.866025 1 -0.000001 0 -0.000001 -0.866025 0.5 43093.dat
1 1 66.7755 -106 138.8539 0 -0.5 -0.866025 -1 0 0 0 0.866025 -0.5 43093.dat
1 1 10.3499 -106 -0.6964 0 -1 0 1 0 0 0 0 1 43093.dat
1 1 90.3499 -106 -0.6964 0 -1 0 1 0 0 0 0 1 43093.dat
1 1 90.3499 -106 39.3036 0 1 0 -1 0 0 0 0 1 43093.dat
1 1 10.3499 -106 39.3036 0 1 0 -1 0 0 0 0 1 43093.dat
1 1 102.2825 -106 159.3537 0 0.5 -0.866025 1 0 0 0 -0.866025 -0.5 43093.dat
1 1 142.2825 -106 90.0718 0 0.5 -0.866025 1 0 0 0 -0.866025 -0.5 43093.dat
1 1 106.7754 -106 69.5718 0 -0.5 -0.866025 -1 0 0 0 0.866025 -0.5 43093.dat
1 1 -42.9488 -106 89.7057 0 -0.5 -0.866025 1 0 0 0 -0.866025 0.5 43093.dat
1 1 32.6922 -106 140.7198 0 -0.5 0.866025 -1 0 0 0 -0.866025 -0.5 43093.dat
1 1 -8.3078 -106 69.7058 0 -0.5 0.866025 -1 0 0 0 -0.866025 -0.5 43093.dat
0 STEP
0 !LPUB ASSEM PLACEMENT LOCAL CENTER PAGE INSIDE 0.00128704 -0.000285225
0 !LPUB ASSEM MODEL_SCALE LOCAL  1.0000
0 !LPUB INSERT TEXT "Bend and strech carefully until lever fits." "Arial,18,-1,255,75,0,0,0,0,0" "Black" OFFSET 0.087668 0.209986
1 14 90.3499 -96 -1.6964 1 0 0 0 1 0 0 0 1 32348.dat
1 14 10.3499 -96 -1.6964 -1 0 0 0 -1 0 0 0 1 32348.dat
1 14 101.4164 -96 158.8538 -0.5 0 -0.866025 0 1 0 0.866025 0 -0.5 32348.dat
0 STEP
1 0 108.6945 -86 186.3987 0 0.866025 -0.5 -1 0 0 0 0.5 0.866025 4459.dat
1 0 168.6945 -86 82.4756 0 0.866025 -0.5 -1 0 0 0 0.5 0.866025 4459.dat
1 0 138.6945 -76 134.4371 0 -0.866025 -0.5 1 0 0 0 -0.5 0.866025 6558.dat
1 14 138.6945 -76 134.4371 0.866025 0 -0.5 0 1 0 0.5 0 0.866025 32524.dat
0 STEP
1 0 128.6945 -66 151.7577 0 -0.866025 -0.5 1 0 0 0 -0.5 0.866025 4459.dat
1 0 148.6945 -66 117.1167 0 -0.866025 -0.5 1 0 0 0 -0.5 0.866025 4459.dat
1 14 -117.7216 -56 57.1385 -0.5 0 0.866026 0 -1 0 0.866026 0 0.5 32140.dat
1 14 -57.7216 -56 -46.7846 0.5 0 0.866026 0 1 0 -0.866026 0 0.5 32140.dat
0 STEP
1 0 -5.7601 -66 -16.7846 0 0.5 0.866026 -1 0 0 0 -0.866026 0.5 2780.dat
1 0 4.2399 -66 -34.1051 0 0.5 0.866026 -1 0 0 0 -0.866026 0.5 2780.dat
1 0 -75.7601 -66 104.459 0 0.5 0.866026 -1 0 0 0 -0.866026 0.5 2780.dat
1 0 -65.7601 -66 87.1385 0 0.5 0.866026 -1 0 0 0 -0.866026 0.5 2780.dat
1 0 -35.7601 -76 35.1769 0.866026 0 -0.5 0 1 0 0.5 0 0.866026 40490.dat
1 0 -35.7601 -66 35.1769 0 -0.866025 -0.5 1 0 0 0 -0.5 0.866026 2780.dat
1 0 -45.7601 -66 52.4974 0 -0.866025 -0.5 1 0 0 0 -0.5 0.866026 2780.dat
1 0 -25.7601 -66 17.8564 0 -0.866025 -0.5 1 0 0 0 -0.5 0.866026 2780.dat
0 STEP
0 STEP
0 !LPUB ASSEM PLACEMENT LOCAL CENTER PAGE INSIDE -0.0165213 0.0639535
1 7 108.0868 -106 222.3564 0 0 1 1 0 0 0 1 0 87083.dat
1 7 -8.9132 -106 222.3564 0 0 1 1 0 0 0 1 0 87083.dat
1 7 -9.9132 -96 222.3564 0 -1 0 0 0 1 -1 0 0 3713.dat
1 15 109.0868 -156 222.3564 0 1 0 0 0 -1 -1 0 0 18948.dat
1 15 -8.9132 -156 222.3564 0 1 0 0 0 -1 -1 0 0 18948.dat
1 7 109.0868 -96 222.3564 0 -1 0 0 0 1 -1 0 0 3713.dat
1 7 52.2085 -37 84.8109 0.866026 -0.5 0 0 0 -1 0.5 0.866026 0 58119.dat
0 STEP
1 4 109.0868 -186 222.3564 0 1 0 1 0 0 0 0 -1 32062.dat
1 4 -8.9132 -186 222.3564 0 1 0 1 0 0 0 0 -1 32062.dat
1 0 109.0868 -216 222.3564 1 0 0 0 0 -1 0 1 0 32013.dat
1 0 -8.9132 -216 222.3564 1 0 0 0 0 -1 0 1 0 32013.dat
0 STEP
1 1 -39.4011 -126 -38.5167 0 0.5 0.866026 -1 0 0 0 -0.866026 0.5 43093.dat
1 1 140.0271 -126 -38.7993 0 -0.5 0.866025 -1 0 0 0 -0.866025 -0.5 43093.dat
1 0 139.4482 -156 -37.8878 1 0 0 0 0 -1 0 1 0 32013.dat
1 0 -39.9011 -156 -37.6507 1 0 0 0 0 -1 0 1 0 32013.dat
0 STEP
1 0 129.4482 -156 -37.8878 1 0 0 0 0 -1 0 1 0 4459.dat
1 0 -29.5518 -156 -37.8878 1 0 0 0 0 -1 0 1 0 4459.dat
1 0 -19.9011 -156 -37.6507 1 0 0 0 0 1 0 -1 0 32013.dat
1 0 120.0989 -156 -37.6507 1 0 0 0 0 1 0 -1 0 32013.dat
1 4 120.0989 -184 -37.6507 0 0 -1 1 0 0 0 -1 0 32062.dat
1 4 -19.9011 -184 -37.6507 0 0 -1 1 0 0 0 -1 0 32062.dat
0 STEP
1 0 119.4482 -216 -37.8878 1 0 0 0 0 -1 0 1 0 32013.dat
1 0 -19.5518 -216 -37.8878 1 0 0 0 0 -1 0 1 0 32013.dat
0 STEP
0 !LPUB INSERT MODEL
0 !LPUB INSERT PAGE
0 STEP
0 !LPUB BOM PLACEMENT LOCAL CENTER PAGE INSIDE 0.0191782 -0.0532946
0 !LPUB BOM SORT_BY SORT_OPTION LOCAL "Part Size"
0 !LPUB BOM CONSTRAIN LOCAL HEIGHT 7.64
0 !LPUB INSERT PAGE
0 !LPUB INSERT BOM
0 STEP
0 !LPUB INSERT COVER_PAGE BACK
