0 !LEOCAD MODEL AUTHOR Dr. Olaf Filies, Marcus Gordon Filies
0 !LPUB PAGE DOCUMENT_AUTHOR_FRONT CONTENT GLOBAL "Model instructions by\nDr. Olaf Filies,\nMarcus Gordon Filies"
0 !LPUB PAGE DOCUMENT_AUTHOR_FRONT FONT GLOBAL "Arial,48,-1,5,75,0,0,0,0,0,Fett"
0 !LPUB PAGE MODEL_ID CONTENT GLOBAL "Part 3."
0 !LPUB PAGE PUBLISH_DESCRIPTION CONTENT GLOBAL "Driving pod and platform for holonomic rama robot\nfrom Lego with Infineon XMC1100 mircocontoller\nand Infineon TLE94112 motor controller."
0 !LPUB PAGE MODEL_DESCRIPTION CONTENT GLOBAL "Dr. Olaf Filies, Marcus Gordon Filies"
0 !LPUB INSERT COVER_PAGE FRONT
0 STEP
0 !LPUB ASSEM PLACEMENT LOCAL CENTER PAGE INSIDE 0.00642426 0.254648
0 !LPUB PLI CONSTRAIN LOCAL HEIGHT 5.8
0 !LEOCAD GROUP BEGIN Group #1
1 7 -10 -170 -90 0 0 -1 -1 0 0 0 1 0 32013.dat
1 1 -10 -190 -90 0 0 1 -1 0 0 0 -1 0 6558.dat
1 7 50 -170 -90 1 0 0 0 1 0 0 0 1 32073.dat
1 7 110 -170 -90 0 0 1 -1 0 0 0 -1 0 32013.dat
1 1 110 -190 -90 0 -0.5 0.866025 -1 0 0 0 -0.866025 -0.5 6558.dat
1 7 -69.9011 -190 14.3109 0.866026 0 -0.5 0 1 0 0.5 0 0.866026 41239.dat
1 7 169.9616 -190 13.8564 0.866025 0 0.5 0 1 0 -0.5 0 0.866025 41239.dat
1 7 230 -170 118.0385 0 -0.866025 0.5 -1 0 0 0 -0.5 -0.866025 32013.dat
1 1 230 -190 118.0385 0 -0.866026 -0.5 -1 0 0 0 0.5 -0.866026 6558.dat
1 7 200 -170 170 0.5 0 0.866025 0 1 0 -0.866025 0 0.5 32073.dat
1 7 170 -170 221.9615 0 0.866025 -0.5 -1 0 0 0 0.5 0.866025 32013.dat
1 1 170 -190 221.9615 0 -0.866025 0.5 -1 0 0 0 -0.5 -0.866025 6558.dat
1 7 50.0868 -190 222.3564 0 0 1 0 1 0 -1 0 0 41239.dat
1 1 -69.9132 -190 222.3564 0 0 1 -1 0 0 0 -1 0 6558.dat
1 1 -129.9132 -190 117.3564 0 -0.866025 0.5 -1 0 0 0 -0.5 -0.866025 6558.dat
1 7 -70.2793 -170 222.9904 0 0.866025 0.5 -1 0 0 0 -0.5 0.866025 32013.dat
1 7 -129.9133 -170 117.7014 0 -0.866025 -0.5 -1 0 0 0 0.5 -0.866025 32013.dat
1 7 -100.8038 -171 169 -0.5 0 0.866025 0 1 0 -0.866025 0 -0.5 32073.dat
1 0 119.9616 -201 -72.7461 0 0.866025 0.5 -1 0 0 0 -0.5 0.866025 2780.dat
1 0 -19.8274 -201 -72.8679 0 0.866026 -0.5 -1 0 0 0 0.5 0.866026 2780.dat
1 0 -119.1497 -201 101.1006 0 0.866026 -0.5 -1 0 0 0 0.5 0.866026 2780.dat
1 0 -50.0157 -201 222.8441 0 0.866025 0.5 -1 0 0 0 -0.5 0.866025 2780.dat
1 0 149.8066 -201 221.9466 0 1 0 -1 0 0 0 0 1 2780.dat
1 0 220.4616 -201 101.3249 0 0.866025 0.5 -1 0 0 0 -0.5 0.866025 2780.dat
1 0 -40.3274 -180 -37.3608 0 0.866026 -0.5 -1 0 0 0 0.5 0.866026 2780.dat
1 0 -100.3274 -180 66.5623 0 0.866026 -0.5 -1 0 0 0 0.5 0.866026 2780.dat
1 1 -29.9132 -210 222.3564 0 0 1 -1 0 0 0 -1 0 6558.dat
1 1 10.0868 -210 222.3564 0 0 1 -1 0 0 0 -1 0 6558.dat
1 1 -109.9132 -210 82.7154 0 -0.866025 0.5 -1 0 0 0 -0.5 -0.866025 6558.dat
1 1 -89.9132 -210 48.0744 0 -0.866025 0.5 -1 0 0 0 -0.5 -0.866025 6558.dat
1 1 210 -210 83.3974 0 -0.866026 -0.5 -1 0 0 0 0.5 -0.866026 6558.dat
1 1 190 -210 48.7564 0 -0.866026 -0.5 -1 0 0 0 0.5 -0.866026 6558.dat
1 1 150 -210 -20.718 0 -0.5 0.866025 -1 0 0 0 -0.866025 -0.5 6558.dat
1 1 130 -210 -55.359 0 -0.5 0.866025 -1 0 0 0 -0.866025 -0.5 6558.dat
1 1 -49.9132 -210 -21.2076 0 -0.866025 0.5 -1 0 0 0 -0.5 -0.866025 6558.dat
1 1 -29.4132 -210 -56.7146 0 -0.866025 0.5 -1 0 0 0 -0.5 -0.866025 6558.dat
1 1 89.0868 -210 222.3564 0 0 1 -1 0 0 0 -1 0 6558.dat
1 1 129.0868 -210 222.3564 0 0 1 -1 0 0 0 -1 0 6558.dat
1 0 119.9616 -210 -72.7461 0.866025 0 0.5 0 1 0 -0.5 0 0.866025 32523.dat
1 0 219.9616 -210 100.4589 0.866025 0 0.5 0 1 0 -0.5 0 0.866025 32523.dat
1 0 150.0868 -210 222.3564 0 0 1 0 1 0 -1 0 0 32523.dat
1 0 -49.9132 -210 222.3564 0 0 1 0 1 0 -1 0 0 32523.dat
1 0 -19.9011 -210 -72.2917 0.866026 0 -0.5 0 1 0 0.5 0 0.866026 32523.dat
1 0 -119.9011 -210 100.9135 0.866026 0 -0.5 0 1 0 0.5 0 0.866026 32523.dat
1 7 138.8112 -210 134.8109 0.866026 0 -0.5 0 1 0 0.5 0 0.866026 32525.dat
1 7 -39.6164 -210 134.8564 0.866025 0 0.5 0 1 0 -0.5 0 0.866025 32525.dat
1 7 50.0868 -210 -20.6436 0 0 1 0 1 0 -1 0 0 32525.dat
1 0 109.0868 -230 222.3564 0 0 1 0 1 0 -1 0 0 32523.dat
1 0 -8.9132 -230 222.3564 0 0 1 0 1 0 -1 0 0 32523.dat
1 0 199.9616 -230 65.8179 0.866025 0 0.5 0 1 0 -0.5 0 0.866025 32523.dat
1 0 139.9616 -230 -38.1051 0.866025 0 0.5 0 1 0 -0.5 0 0.866025 32523.dat
1 0 -39.4011 -230 -38.5167 0.866026 0 -0.5 0 1 0 0.5 0 0.866026 32523.dat
1 0 -99.4011 -230 65.4064 0.866026 0 -0.5 0 1 0 0.5 0 0.866026 32523.dat
1 0 70.0868 -220 -20.6436 0 0 1 -1 0 0 0 -1 0 4459.dat
1 0 90.0868 -220 -20.6436 0 0 1 -1 0 0 0 -1 0 4459.dat
1 0 30.0868 -220 -20.6436 0 0 1 -1 0 0 0 -1 0 4459.dat
1 0 10.0868 -220 -20.6436 0 0 1 -1 0 0 0 -1 0 4459.dat
1 0 -29.1164 -220 153.0429 0 -0.866025 0.5 1 0 0 0 0.5 0.866025 4459.dat
1 0 -19.1164 -220 170.3634 0 -0.866025 0.5 1 0 0 0 0.5 0.866025 4459.dat
1 0 -50.1164 -220 116.6698 0 -0.866025 0.5 1 0 0 0 0.5 0.866025 4459.dat
1 0 -60.1164 -220 99.3493 0 -0.866025 0.5 1 0 0 0 0.5 0.866025 4459.dat
1 0 149.3112 -220 116.6243 0 -0.866026 -0.5 1 0 0 0 -0.5 0.866026 4459.dat
1 0 159.3112 -220 99.3038 0 -0.866026 -0.5 1 0 0 0 -0.5 0.866026 4459.dat
1 0 128.8112 -220 152.1314 0 -0.866026 -0.5 1 0 0 0 -0.5 0.866026 4459.dat
1 0 118.8112 -220 169.4519 0 -0.866026 -0.5 1 0 0 0 -0.5 0.866026 4459.dat
1 0 90.3499 -230 39.3036 -1 0 0 0 1 0 0 0 -1 32140.dat
1 0 10.3496 -230 39.3037 1 0 0 0 -1 0 0 0 -1 32140.dat
1 0 66.7754 -230 138.8538 0.5 0 0.866025 0 1 0 -0.866025 0 0.5 32140.dat
1 0 106.7754 -230 69.5714 -0.5 0 0.866025 0 -1 0 0.866025 0 0.5 32140.dat
1 0 -8.308 -230 69.7055 0.5 0 -0.866025 0 1 0 0.866025 0 0.5 32140.dat
1 0 32.6922 -230 140.7198 -0.5 0 -0.866025 0 -1 0 -0.866025 0 0.5 32140.dat
1 1 -1.9488 -220 160.7198 0 -0.5 -0.866025 1 -0.000001 0 -0.000001 -0.866025 0.5 43093.dat
1 1 66.7755 -220 138.8539 0 -0.5 -0.866025 -1 0 0 0 0.866025 -0.5 43093.dat
1 1 10.3499 -220 -0.6964 0 -1 0 1 0 0 0 0 1 43093.dat
1 1 90.3499 -220 -0.6964 0 -1 0 1 0 0 0 0 1 43093.dat
1 1 90.3499 -220 39.3036 0 1 0 -1 0 0 0 0 1 43093.dat
1 1 10.3499 -220 39.3036 0 1 0 -1 0 0 0 0 1 43093.dat
1 1 102.2825 -220 159.3537 0 0.5 -0.866025 1 0 0 0 -0.866025 -0.5 43093.dat
1 1 142.2825 -220 90.0718 0 0.5 -0.866025 1 0 0 0 -0.866025 -0.5 43093.dat
1 1 106.7754 -220 69.5718 0 -0.5 -0.866025 -1 0 0 0 0.866025 -0.5 43093.dat
1 1 -42.9488 -220 89.7057 0 -0.5 -0.866025 1 0 0 0 -0.866025 0.5 43093.dat
1 1 32.6922 -220 140.7198 0 -0.5 0.866025 -1 0 0 0 -0.866025 -0.5 43093.dat
1 1 -8.3078 -220 69.7058 0 -0.5 0.866025 -1 0 0 0 -0.866025 -0.5 43093.dat
1 14 90.3499 -210 -1.6964 1 0 0 0 1 0 0 0 1 32348.dat
1 14 10.3499 -210 -1.6964 -1 0 0 0 -1 0 0 0 1 32348.dat
1 14 101.4164 -210 158.8538 -0.5 0 -0.866025 0 1 0 0.866025 0 -0.5 32348.dat
1 0 108.6945 -200 186.3987 0 0.866025 -0.5 -1 0 0 0 0.5 0.866025 4459.dat
1 0 168.6945 -200 82.4756 0 0.866025 -0.5 -1 0 0 0 0.5 0.866025 4459.dat
1 0 138.6945 -190 134.4371 0 -0.866025 -0.5 1 0 0 0 -0.5 0.866025 6558.dat
1 14 138.6945 -190 134.4371 0.866025 0 -0.5 0 1 0 0.5 0 0.866025 32524.dat
1 0 128.6945 -180 151.7577 0 -0.866025 -0.5 1 0 0 0 -0.5 0.866025 4459.dat
1 0 148.6945 -180 117.1167 0 -0.866025 -0.5 1 0 0 0 -0.5 0.866025 4459.dat
1 14 -117.7216 -170 57.1385 -0.5 0 0.866026 0 -1 0 0.866026 0 0.5 32140.dat
1 14 -57.7216 -170 -46.7846 0.5 0 0.866026 0 1 0 -0.866026 0 0.5 32140.dat
1 0 -5.7601 -180 -16.7846 0 0.5 0.866026 -1 0 0 0 -0.866026 0.5 2780.dat
1 0 4.2399 -180 -34.1051 0 0.5 0.866026 -1 0 0 0 -0.866026 0.5 2780.dat
1 0 -75.7601 -180 104.459 0 0.5 0.866026 -1 0 0 0 -0.866026 0.5 2780.dat
1 0 -65.7601 -180 87.1385 0 0.5 0.866026 -1 0 0 0 -0.866026 0.5 2780.dat
1 0 -35.7601 -190 35.1769 0.866026 0 -0.5 0 1 0 0.5 0 0.866026 40490.dat
1 0 -35.7601 -180 35.1769 0 -0.866025 -0.5 1 0 0 0 -0.5 0.866026 2780.dat
1 0 -45.7601 -180 52.4974 0 -0.866025 -0.5 1 0 0 0 -0.5 0.866026 2780.dat
1 0 -25.7601 -180 17.8564 0 -0.866025 -0.5 1 0 0 0 -0.5 0.866026 2780.dat
1 7 108.0868 -220 222.3564 0 0 1 1 0 0 0 1 0 87083.dat
1 7 -8.9132 -220 222.3564 0 0 1 1 0 0 0 1 0 87083.dat
1 7 -9.9132 -210 222.3564 0 -1 0 0 0 1 -1 0 0 3713.dat
1 15 109.0868 -270 222.3564 0 1 0 0 0 -1 -1 0 0 18948.dat
1 15 -8.9132 -270 222.3564 0 1 0 0 0 -1 -1 0 0 18948.dat
1 7 109.0868 -210 222.3564 0 -1 0 0 0 1 -1 0 0 3713.dat
1 7 52.2085 -151 84.8109 0.866026 -0.5 0 0 0 -1 0.5 0.866026 0 58119.dat
1 4 109.0868 -300 222.3564 0 1 0 1 0 0 0 0 -1 32062.dat
1 4 -8.9132 -300 222.3564 0 1 0 1 0 0 0 0 -1 32062.dat
1 0 109.0868 -330 222.3564 1 0 0 0 0 -1 0 1 0 32013.dat
1 0 -8.9132 -330 222.3564 1 0 0 0 0 -1 0 1 0 32013.dat
1 1 -39.4011 -240 -38.5167 0 0.5 0.866026 -1 0 0 0 -0.866026 0.5 43093.dat
1 1 140.0271 -240 -38.7993 0 -0.5 0.866025 -1 0 0 0 -0.866025 -0.5 43093.dat
1 0 139.4482 -270 -37.8878 1 0 0 0 0 -1 0 1 0 32013.dat
1 0 -39.9011 -270 -37.6507 1 0 0 0 0 -1 0 1 0 32013.dat
1 0 129.4482 -270 -37.8878 1 0 0 0 0 -1 0 1 0 4459.dat
1 0 -29.5518 -270 -37.8878 1 0 0 0 0 -1 0 1 0 4459.dat
1 0 -19.9011 -270 -37.6507 1 0 0 0 0 1 0 -1 0 32013.dat
1 0 120.0989 -270 -37.6507 1 0 0 0 0 1 0 -1 0 32013.dat
1 4 120.0989 -298 -37.6507 0 0 -1 1 0 0 0 -1 0 32062.dat
1 4 -19.9011 -298 -37.6507 0 0 -1 1 0 0 0 -1 0 32062.dat
1 0 119.4482 -330 -37.8878 1 0 0 0 0 -1 0 1 0 32013.dat
1 0 -19.5518 -330 -37.8878 1 0 0 0 0 -1 0 1 0 32013.dat
0 STEP
0 !LPUB ASSEM PLACEMENT LOCAL CENTER PAGE INSIDE -0.00459568 0.0365365
0 !LPUB ASSEM MODEL_SCALE LOCAL  0.5000
0 !LEOCAD GROUP END
1 7 50 -97.5 -256.134 1 0 0 0 -0.866025 0.5 0 -0.5 -0.866025 53787.dat
1 7 344 -97.402 253.6962 -0.5 0.433013 0.75 0 -0.866025 0.5 0.866025 0.25 0.433013 53787.dat
1 7 -244.9341 -97.3679 253.8612 -0.5 -0.433013 -0.75 0 -0.866025 0.5 -0.866025 0.25 0.433013 53787.dat
0 STEP
0 !LPUB ASSEM PLACEMENT LOCAL CENTER PAGE INSIDE 0.0204653 0.176357
0 !LPUB ASSEM MODEL_SCALE LOCAL  0.5000
0 !LPUB PLI CONSTRAIN LOCAL HEIGHT 4.97333
0 !LEOCAD GROUP BEGIN Group #2
1 7 25.6033 -38 -141.127 -1 0 0 0 1 0 0 0 -1 32123a.dat
1 7 25.6033 -38 -371.1269 -1 0 0 0 1 0 0 0 -1 32123a.dat
1 16 25.6033 -38 -336.127 -1 0 0 0 1 0 0 0 -1 32219.dat
1 16 25.6033 -38 -176.127 1 0 0 0 1 0 0 0 1 32219.dat
0 !LEOCAD PIECE POSITION_KEY 1 25.6033 -256.127 39 
0 !LEOCAD PIECE POSITION_KEY 14 -40 -70 9 
1 0 25.6033 -39 -256.127 0 0 1 0 1 0 -1 0 0 62462.dat
0 !LEOCAD PIECE POSITION_KEY 1 27.6032 -286.127 39 
0 !LEOCAD PIECE POSITION_KEY 14 -10 -68 9 
0 !LEOCAD PIECE ROTATION_KEY 1 -1 0 0 0 -1 0 0 0 1 
0 !LEOCAD PIECE ROTATION_KEY 14 0 -1 0 1 0 0 0 0 1 
1 8 27.6032 -39 -286.127 -1 0 0 0 1 0 0 0 -1 6542b.dat
0 !LEOCAD PIECE POSITION_KEY 1 25.6033 -226.127 38 
0 !LEOCAD PIECE POSITION_KEY 14 -70 -70 8 
1 7 25.6033 -38 -226.127 1 0 0 0 1 0 0 0 1 94925.dat
0 !LEOCAD PIECE POSITION_KEY 1 25.6033 -256.127 38 
0 !LEOCAD PIECE POSITION_KEY 14 -40 -70 8 
1 0 25.6033 -38 -256.127 0 0 1 0 1 0 -1 0 0 3708.dat
0 !LEOCAD PIECE POSITION_KEY 1 85.6033 -191.127 98 
0 !LEOCAD PIECE POSITION_KEY 13 -105 -110 68 
0 !LEOCAD PIECE POSITION_KEY 14 -105 -10 68 
0 !LEOCAD PIECE ROTATION_KEY 1 1 0 0 0 1 0 0 0 1 
0 !LEOCAD PIECE ROTATION_KEY 13 -2.98023e-08 1 0 -1 -2.98023e-08 0 0 0 1 
1 7 85.6033 -98 -191.127 1 0 0 0 1 0 0 0 1 32123a.dat
0 !LEOCAD PIECE POSITION_KEY 1 85.6033 -215.127 98 
0 !LEOCAD PIECE POSITION_KEY 13 -81 -110 68 
0 !LEOCAD PIECE POSITION_KEY 14 -81 -10 68 
0 !LEOCAD PIECE ROTATION_KEY 1 0 1 0 -1 0 0 0 0 1 
0 !LEOCAD PIECE ROTATION_KEY 13 -1 -5.96046e-08 0 5.96046e-08 -1 0 0 0 1 
1 8 85.6033 -98 -215.127 0 0 -1 0 1 0 1 0 0 6587.dat
0 !LEOCAD PIECE POSITION_KEY 1 -14.3967 -191.127 98 
0 !LEOCAD PIECE POSITION_KEY 13 -105 -110 68 
0 !LEOCAD PIECE ROTATION_KEY 1 1 0 0 0 1 0 0 0 1 
0 !LEOCAD PIECE ROTATION_KEY 13 -2.98023e-08 1 0 -1 -2.98023e-08 0 0 0 1 
1 7 -14.3967 -98 -191.127 1 0 0 0 1 0 0 0 1 32123a.dat
0 !LEOCAD PIECE POSITION_KEY 1 85.6033 -221.127 98 
0 !LEOCAD PIECE POSITION_KEY 13 -75 -10 68 
1 7 85.6033 -98 -221.1269 1 0 0 0 1 0 0 0 1 32123a.dat
0 !LEOCAD PIECE POSITION_KEY 1 -14.3967 -215.127 98 
0 !LEOCAD PIECE POSITION_KEY 13 -81 -110 68 
0 !LEOCAD PIECE ROTATION_KEY 1 0 1 0 -1 0 0 0 0 1 
0 !LEOCAD PIECE ROTATION_KEY 13 -1 -5.96046e-08 0 5.96046e-08 -1 0 0 0 1 
1 8 -14.3967 -98 -215.127 0 0 -1 0 1 0 1 0 0 6587.dat
0 !LEOCAD PIECE POSITION_KEY 1 -14.3967 -256.127 98 
0 !LEOCAD PIECE POSITION_KEY 12 -40 -110 69 
0 !LEOCAD PIECE POSITION_KEY 13 -40 -110 68 
1 320 -14.3967 -98 -256.127 1 0 0 0 1 0 0 0 1 32034.dat
0 !LEOCAD PIECE POSITION_KEY 1 85.6033 -256.127 98 
0 !LEOCAD PIECE POSITION_KEY 12 -40 -10 69 
0 !LEOCAD PIECE POSITION_KEY 13 -40 -10 68 
1 320 85.6033 -98 -256.1269 1 0 0 0 1 0 0 0 1 32034.dat
0 !LEOCAD PIECE POSITION_KEY 1 -15.3967 -341.127 98 
0 !LEOCAD PIECE POSITION_KEY 11 45 -111 69 
0 !LEOCAD PIECE POSITION_KEY 13 45 -111 68 
0 !LEOCAD PIECE ROTATION_KEY 1 1 0 0 0 1 0 0 0 1 
0 !LEOCAD PIECE ROTATION_KEY 11 2.98023e-08 1 1.19209e-07 -1 2.98023e-08 3.55271e-15 0 -1.19209e-07 1 
1 7 -15.3967 -98 -341.127 1 0 0 0 1 0 0 0 1 32123a.dat
0 !LEOCAD PIECE POSITION_KEY 1 85.6033 -341.127 98 
0 !LEOCAD PIECE POSITION_KEY 11 45 -10 69 
0 !LEOCAD PIECE POSITION_KEY 13 45 -10 68 
0 !LEOCAD PIECE ROTATION_KEY 1 1 0 0 0 1 0 0 0 1 
0 !LEOCAD PIECE ROTATION_KEY 11 2.98023e-08 1 1.19209e-07 -1 2.98023e-08 3.55271e-15 0 -1.19209e-07 1 
1 7 85.6033 -98 -341.127 1 0 0 0 1 0 0 0 1 32123a.dat
0 !LEOCAD PIECE POSITION_KEY 1 36.6033 -326.127 98 
0 !LEOCAD PIECE POSITION_KEY 11 30 -59 68 
0 !LEOCAD PIECE ROTATION_KEY 1 -1 0 0 0 -1 0 0 0 1 
0 !LEOCAD PIECE ROTATION_KEY 11 8.9407e-08 -1 -1.19209e-07 1 8.9407e-08 1.06581e-14 0 -1.19209e-07 1 
1 0 36.6033 -98 -326.127 -1 0 0 0 1 0 0 0 -1 3705.dat
0 !LEOCAD PIECE POSITION_KEY 1 65.6033 -326.127 98 
0 !LEOCAD PIECE POSITION_KEY 11 30 -30 69 
0 !LEOCAD PIECE POSITION_KEY 13 30 -30 68 
0 !LEOCAD PIECE ROTATION_KEY 1 0 1 0 -1 0 0 0 0 1 
0 !LEOCAD PIECE ROTATION_KEY 11 -1 0 0 0 -1 -1.19209e-07 0 -1.19209e-07 1 
1 0 65.6033 -98 -326.127 0 0 -1 0 1 0 1 0 0 32039.dat
0 !LEOCAD PIECE POSITION_KEY 1 4.6033 -326.127 98 
0 !LEOCAD PIECE POSITION_KEY 11 30 -91 69 
0 !LEOCAD PIECE POSITION_KEY 13 30 -91 68 
0 !LEOCAD PIECE ROTATION_KEY 1 0 1 0 1 0 0 0 0 -1 
0 !LEOCAD PIECE ROTATION_KEY 11 -1 0 0 0 1 5.96046e-08 0 5.96046e-08 -1 
1 0 4.6033 -98 -326.127 0 0 1 0 -1 0 1 0 0 32039.dat
0 !LEOCAD PIECE POSITION_KEY 1 -15.3968 -306.127 98 
0 !LEOCAD PIECE POSITION_KEY 11 10 -111 69 
0 !LEOCAD PIECE POSITION_KEY 13 10 -111 68 
1 0 -15.3968 -98 -306.127 0 0 1 0 -1 0 1 0 0 3705.dat
0 !LEOCAD PIECE POSITION_KEY 1 85.6033 -306.127 98 
0 !LEOCAD PIECE POSITION_KEY 11 10 -10 69 
0 !LEOCAD PIECE POSITION_KEY 13 10 -10 68 
1 0 85.6033 -98 -306.1269 0 0 1 0 -1 0 1 0 0 3705.dat
1 0 -14.3968 -98 -306.127 0 -1 0 0 0 -1 1 0 0 32014.dat
0 !LEOCAD PIECE POSITION_KEY 1 85.6033 -306.127 98 
0 !LEOCAD PIECE POSITION_KEY 11 10 -10 68 
1 0 85.6033 -98 -306.1269 0 0 1 0 -1 0 1 0 0 32014.dat
0 !LEOCAD PIECE POSITION_KEY 1 85.6033 -286.127 78 
0 !LEOCAD PIECE POSITION_KEY 11 -10 -10 48 
1 15 85.6033 -78 -286.127 0 1 0 0 0 1 1 0 0 32126.dat
1 7 5.6033 -68 -206.127 0 0 1 -1 0 0 0 -1 0 4274.dat
1 7 25.6033 -68 -206.127 0 0 1 -1 0 0 0 -1 0 4274.dat
1 7 45.6033 -68 -206.127 0 0 1 -1 0 0 0 -1 0 4274.dat
1 7 65.6033 -68 -206.127 0 0 1 -1 0 0 0 -1 0 4274.dat
1 1 85.6033 -68 -286.127 0 0 -1 -1 0 0 0 1 0 43093.dat
1 7 35.6033 -98 -306.1269 1 0 0 0 0 -1 0 1 0 3705.dat
1 0 85.6032 -78 -206.127 0 1 0 0 0 1 1 0 0 32039.dat
1 0 -14.3968 -78 -206.127 0 1 0 0 0 1 1 0 0 32039.dat
1 7 25.6033 -98 -306.1269 1 0 0 0 0 -1 0 1 0 32013.dat
1 7 45.6033 -98 -306.127 1 0 0 0 0 -1 0 1 0 32013.dat
1 0 -14.3968 -58 -206.127 0 0 1 -1 0 0 0 -1 0 11214.dat
1 0 25.6033 -63 -206.127 0 0 1 0 1 0 -1 0 0 32017.dat
1 7 85.6033 -63 -256.1269 1 0 0 0 1 0 0 0 1 32063.dat
1 4 45.6033 -68 -306.127 0 0 1 -1 0 0 0 -1 0 32062.dat
1 4 25.6033 -68 -306.1269 0 0 1 1 0 0 0 1 0 32062.dat
1 0 15.6033 -63 -306.127 0 0 1 0 1 0 -1 0 0 32449.dat
1 0 -14.3968 -53 -306.127 0 0 1 0 1 0 -1 0 0 6632.dat
1 0 85.6033 -53 -306.1269 -1 0 0 0 -1 0 0 0 1 32056.dat
1 7 35.6033 -53 -206.127 0 0 1 0 1 0 -1 0 0 32063.dat
1 7 85.6032 -58 -206.127 0 0 -1 -1 0 0 0 1 0 18651.dat
1 7 85.6033 -58 -306.1269 0 0 -1 -1 0 0 0 1 0 18651.dat
1 7 -14.3968 -58 -306.127 0 0 -1 1 0 0 0 -1 0 6587.dat
1 7 5.6033 -43 -256.127 0 0 1 0 1 0 -1 0 0 3650c.dat
1 7 -4.3967 -39 -256.127 1 0 0 0 1 0 0 0 1 3749.dat
1 320 -14.3967 -38 -256.127 1 0 0 0 1 0 0 0 1 32034.dat
1 0 -14.3967 -68 -291.127 -1 0 0 0 0 -1 0 -1 0 32449.dat
1 0 -14.3968 -68 -221.127 -1 0 0 0 0 -1 0 -1 0 32449.dat
1 0 -14.3968 -38 -306.127 0 0 -1 1 0 0 0 -1 0 10197.dat
1 0 -14.3968 -38 -206.127 0 0 -1 -1 0 0 0 1 0 10197.dat
1 0 25.6033 -38 -306.1269 0 0 1 0 1 0 -1 0 0 32034.dat
1 0 25.6033 -38 -206.127 0 0 1 0 1 0 -1 0 0 32034.dat
1 4 55.6033 -38 -206.127 1 0 0 0 1 0 0 0 1 32062.dat
1 0 85.6033 -38 -306.1269 0 0 1 -1 0 0 0 -1 0 32014.dat
1 4 55.6033 -38 -306.127 1 0 0 0 1 0 0 0 1 32062.dat
1 4 85.6033 -38 -276.127 0 0 1 0 1 0 -1 0 0 32062.dat
1 0 85.6033 -38 -256.1269 1 0 0 0 1 0 0 0 1 59443.dat
1 4 85.6033 -38 -236.127 0 0 1 0 1 0 -1 0 0 32062.dat
1 0 85.6032 -38 -206.127 0 0 1 1 0 0 0 1 0 32014.dat
0 STEP
0 !LPUB ASSEM PLACEMENT LOCAL CENTER PAGE INSIDE 0.0118928 0.0197861
0 !LPUB ASSEM MODEL_SCALE LOCAL  0.5000
0 !LEOCAD GROUP END
1 7 34.6033 -98 -256.1269 1 0 0 0 1 0 0 0 1 3706.dat
1 72 6.6033 -98 -256.127 0 0 1 0 1 0 -1 0 0 3648b.dat
0 STEP
0 !LPUB ASSEM PLACEMENT LOCAL CENTER PAGE INSIDE -0.00185593 0.207079
0 !LPUB PLI CONSTRAIN LOCAL HEIGHT 5.32
0 !LPUB ASSEM MODEL_SCALE LOCAL  0.5000
1 72 362.5238 -98 219.6711 0.866025 0 -0.5 0 1 0 0.5 0 0.866025 3648b.dat
1 7 348.5237 -98 243.9198 -0.5 0 -0.866025 0 1 0 0.866025 0 -0.5 3706.dat
0 !LEOCAD GROUP BEGIN Group #3
1 0 279.7225 -38 263.087 0 -0.866025 -0.5 1 0 0 0 -0.5 0.866025 32014.dat
1 4 305.7033 -38 278.0872 0.866025 0 -0.5 0 1 0 0.5 0 0.866025 32062.dat
1 0 323.0237 -38 288.087 -0.5 0 -0.866025 0 1 0 0.866025 0 -0.5 59443.dat
1 4 340.3443 -38 298.0871 0.866025 0 -0.5 0 1 0 0.5 0 0.866025 32062.dat
1 4 381.325 -38 287.1063 -0.5 0 -0.866025 0 1 0 0.866025 0 -0.5 32062.dat
1 0 366.3249 -38 313.087 0 0.866025 -0.5 -1 0 0 0 0.5 0.866025 32014.dat
1 4 294.7225 -38 237.1064 -0.5 0 -0.866025 0 1 0 0.866025 0 -0.5 32062.dat
1 0 309.7225 -38 211.1256 0.866025 0 -0.5 0 1 0 0.5 0 0.866025 32034.dat
1 0 396.325 -38 261.1255 0.866025 0 -0.5 0 1 0 0.5 0 0.866025 32034.dat
1 0 329.7226 -38 176.4844 0 -0.866025 0.5 -1 0 0 0 -0.5 -0.866025 10197.dat
1 0 416.325 -38 226.4845 0 0.866025 0.5 1 0 0 0 0.5 -0.866025 10197.dat
1 0 342.7129 -68 183.9844 0.5 0.866025 0 0 0 -1 -0.866025 0.5 0 32449.dat
1 0 403.3346 -68 218.9846 0.5 0.866025 0 0 0 -1 -0.866025 0.5 0 32449.dat
1 320 373.0238 -38 201.4846 -0.5 0 -0.866025 0 1 0 0.866025 0 -0.5 32034.dat
1 7 368.0238 -39 210.1449 -0.5 0 -0.866025 0 1 0 0.866025 0 -0.5 3749.dat
1 7 363.0238 -43 218.8051 0.866025 0 -0.5 0 1 0 0.5 0 0.866025 3650c.dat
1 7 416.325 -58 226.4845 0 0.866025 0.5 1 0 0 0 0.5 -0.866025 6587.dat
1 7 366.3249 -58 313.087 0 -0.866025 0.5 -1 0 0 0 -0.5 -0.866025 18651.dat
1 7 279.7225 -58 263.087 0 -0.866025 0.5 -1 0 0 0 -0.5 -0.866025 18651.dat
1 7 304.7225 -53 219.7859 0.866025 0 -0.5 0 1 0 0.5 0 0.866025 32063.dat
1 0 366.3249 -53 313.087 0.5 0 -0.866025 0 -1 0 -0.866025 0 -0.5 32056.dat
1 0 416.325 -53 226.4845 0.866025 0 -0.5 0 1 0 0.5 0 0.866025 6632.dat
1 0 401.325 -63 252.4654 0.866025 0 -0.5 0 1 0 0.5 0 0.866025 32449.dat
1 4 396.325 -68 261.1255 0 -0.866025 -0.5 1 0 0 0 -0.5 0.866025 32062.dat
1 4 386.325 -68 278.4461 0 0.866025 -0.5 -1 0 0 0 0.5 0.866025 32062.dat
1 7 323.0237 -63 288.087 -0.5 0 -0.866025 0 1 0 0.866025 0 -0.5 32063.dat
1 0 309.7225 -63 211.1256 0.866025 0 -0.5 0 1 0 0.5 0 0.866025 32017.dat
1 0 329.7226 -58 176.4844 0 0.866025 -0.5 -1 0 0 0 0.5 0.866025 11214.dat
1 7 386.325 -98 278.4461 -0.5 -0.866025 0 0 0 -1 0.866025 -0.5 0 32013.dat
1 7 396.325 -98 261.1255 -0.5 -0.866025 0 0 0 -1 0.866025 -0.5 0 32013.dat
1 0 329.7226 -78 176.4844 -0.866025 -0.5 0 0 0 1 -0.5 0.866025 0 32039.dat
1 0 279.7225 -78 263.087 -0.866025 -0.5 0 0 0 1 -0.5 0.866025 0 32039.dat
1 7 391.3249 -98 269.7858 -0.5 -0.866025 0 0 0 -1 0.866025 -0.5 0 3705.dat
1 1 349.0045 -68 303.0872 0 -0.866025 0.5 -1 0 0 0 -0.5 -0.866025 43093.dat
1 7 289.7225 -68 245.7666 0 0.866025 -0.5 -1 0 0 0 0.5 0.866025 4274.dat
1 7 299.7225 -68 228.4461 0 0.866025 -0.5 -1 0 0 0 0.5 0.866025 4274.dat
1 7 309.7225 -68 211.1256 0 0.866025 -0.5 -1 0 0 0 0.5 0.866025 4274.dat
1 7 319.7225 -68 193.8051 0 0.866025 -0.5 -1 0 0 0 0.5 0.866025 4274.dat
0 !LEOCAD PIECE POSITION_KEY 1 349.004 303.087 78 
0 !LEOCAD PIECE POSITION_KEY 11 -10 -10 48 
1 15 349.0045 -78 303.0872 -0.866025 -0.5 0 0 0 1 -0.5 0.866025 0 32126.dat
0 !LEOCAD PIECE POSITION_KEY 1 366.325 313.087 98 
0 !LEOCAD PIECE POSITION_KEY 11 10 -10 68 
1 0 366.3249 -98 313.087 -0.866025 0 -0.5 0 -1 0 -0.5 0 0.866025 32014.dat
1 0 416.325 -98 226.4845 -0.866025 0.5 0 0 0 -1 -0.5 -0.866025 0 32014.dat
0 !LEOCAD PIECE POSITION_KEY 1 366.325 313.087 98 
0 !LEOCAD PIECE POSITION_KEY 11 10 -10 69 
0 !LEOCAD PIECE POSITION_KEY 13 10 -10 68 
1 0 366.3249 -98 313.087 -0.866025 0 -0.5 0 -1 0 -0.5 0 0.866025 3705.dat
0 !LEOCAD PIECE POSITION_KEY 1 416.825 225.618 98 
0 !LEOCAD PIECE POSITION_KEY 11 10 -111 69 
0 !LEOCAD PIECE POSITION_KEY 13 10 -111 68 
1 0 416.825 -98 225.6185 -0.866025 0 -0.5 0 -1 0 -0.5 0 0.866025 3705.dat
0 !LEOCAD PIECE POSITION_KEY 1 424.146 252.939 98 
0 !LEOCAD PIECE POSITION_KEY 11 30 -91 69 
0 !LEOCAD PIECE POSITION_KEY 13 30 -91 68 
0 !LEOCAD PIECE ROTATION_KEY 1 -0.866025 -0.5 0 -0.5 0.866025 0 0 0 -1 
0 !LEOCAD PIECE ROTATION_KEY 11 -1 0 0 0 1 5.96046e-08 0 5.96046e-08 -1 
1 0 424.1455 -98 252.9391 -0.866025 0 -0.5 0 -1 0 -0.5 0 0.866025 32039.dat
0 !LEOCAD PIECE POSITION_KEY 1 393.646 305.767 98 
0 !LEOCAD PIECE POSITION_KEY 11 30 -30 69 
0 !LEOCAD PIECE POSITION_KEY 13 30 -30 68 
0 !LEOCAD PIECE ROTATION_KEY 1 -0.866025 -0.5 0 0.5 -0.866025 0 0 0 1 
0 !LEOCAD PIECE ROTATION_KEY 11 -1 0 0 0 -1 -1.19209e-07 0 -1.19209e-07 1 
1 0 393.6455 -98 305.7666 -0.866025 0 0.5 0 1 0 -0.5 0 -0.866025 32039.dat
0 !LEOCAD PIECE POSITION_KEY 1 408.146 280.652 98 
0 !LEOCAD PIECE POSITION_KEY 11 30 -59 68 
0 !LEOCAD PIECE ROTATION_KEY 1 0.5 -0.866025 0 0.866025 0.5 0 0 0 1 
0 !LEOCAD PIECE ROTATION_KEY 11 8.9407e-08 -1 -1.19209e-07 1 8.9407e-08 1.06581e-14 0 -1.19209e-07 1 
1 0 408.1455 -98 280.6519 0.5 0 0.866025 0 1 0 -0.866025 0 0.5 3705.dat
0 !LEOCAD PIECE POSITION_KEY 1 396.636 330.587 98 
0 !LEOCAD PIECE POSITION_KEY 11 45 -10 69 
0 !LEOCAD PIECE POSITION_KEY 13 45 -10 68 
0 !LEOCAD PIECE ROTATION_KEY 1 -0.5 0.866025 0 -0.866025 -0.5 0 0 0 1 
0 !LEOCAD PIECE ROTATION_KEY 11 2.98023e-08 1 1.19209e-07 -1 2.98023e-08 3.55271e-15 0 -1.19209e-07 1 
1 7 396.6359 -98 330.5871 -0.5 0 -0.866025 0 1 0 0.866025 0 -0.5 32123a.dat
0 !LEOCAD PIECE POSITION_KEY 1 447.136 243.119 98 
0 !LEOCAD PIECE POSITION_KEY 11 45 -111 69 
0 !LEOCAD PIECE POSITION_KEY 13 45 -111 68 
0 !LEOCAD PIECE ROTATION_KEY 1 -0.5 0.866025 0 -0.866025 -0.5 0 0 0 1 
0 !LEOCAD PIECE ROTATION_KEY 11 2.98023e-08 1 1.19209e-07 -1 2.98023e-08 3.55271e-15 0 -1.19209e-07 1 
1 7 447.1359 -98 243.1186 -0.5 0 -0.866025 0 1 0 0.866025 0 -0.5 32123a.dat
0 !LEOCAD PIECE POSITION_KEY 1 323.024 288.087 98 
0 !LEOCAD PIECE POSITION_KEY 12 -40 -10 69 
0 !LEOCAD PIECE POSITION_KEY 13 -40 -10 68 
1 320 323.0237 -98 288.087 -0.5 0 -0.866025 0 1 0 0.866025 0 -0.5 32034.dat
0 !LEOCAD PIECE POSITION_KEY 1 373.024 201.485 98 
0 !LEOCAD PIECE POSITION_KEY 12 -40 -110 69 
0 !LEOCAD PIECE POSITION_KEY 13 -40 -110 68 
1 320 373.0238 -98 201.4846 -0.5 0 -0.866025 0 1 0 0.866025 0 -0.5 32034.dat
0 !LEOCAD PIECE POSITION_KEY 1 337.517 180.984 98 
0 !LEOCAD PIECE POSITION_KEY 13 -81 -110 68 
0 !LEOCAD PIECE ROTATION_KEY 1 -0.866025 -0.5 0 0.5 -0.866025 0 0 0 1 
0 !LEOCAD PIECE ROTATION_KEY 13 -1 -5.96046e-08 0 5.96046e-08 -1 0 0 0 1 
1 8 337.5167 -98 180.9845 -0.866025 0 0.5 0 1 0 -0.5 0 -0.866025 6587.dat
0 !LEOCAD PIECE POSITION_KEY 1 292.713 270.587 98 
0 !LEOCAD PIECE POSITION_KEY 13 -75 -10 68 
1 7 292.7128 -98 270.5871 -0.5 0 -0.866025 0 1 0 0.866025 0 -0.5 32123a.dat
0 !LEOCAD PIECE POSITION_KEY 1 316.732 168.984 98 
0 !LEOCAD PIECE POSITION_KEY 13 -105 -110 68 
0 !LEOCAD PIECE ROTATION_KEY 1 -0.5 0.866025 0 -0.866025 -0.5 0 0 0 1 
0 !LEOCAD PIECE ROTATION_KEY 13 -2.98023e-08 1 0 -1 -2.98023e-08 0 0 0 1 
1 7 316.7321 -98 168.9845 -0.5 0 -0.866025 0 1 0 0.866025 0 -0.5 32123a.dat
0 !LEOCAD PIECE POSITION_KEY 1 287.517 267.587 98 
0 !LEOCAD PIECE POSITION_KEY 13 -81 -110 68 
0 !LEOCAD PIECE POSITION_KEY 14 -81 -10 68 
0 !LEOCAD PIECE ROTATION_KEY 1 -0.866025 -0.5 0 0.5 -0.866025 0 0 0 1 
0 !LEOCAD PIECE ROTATION_KEY 13 -1 -5.96046e-08 0 5.96046e-08 -1 0 0 0 1 
1 8 287.5167 -98 267.5871 -0.866025 0 0.5 0 1 0 -0.5 0 -0.866025 6587.dat
0 !LEOCAD PIECE POSITION_KEY 1 266.732 255.587 98 
0 !LEOCAD PIECE POSITION_KEY 13 -105 -110 68 
0 !LEOCAD PIECE POSITION_KEY 14 -105 -10 68 
0 !LEOCAD PIECE ROTATION_KEY 1 -0.5 0.866025 0 -0.866025 -0.5 0 0 0 1 
0 !LEOCAD PIECE ROTATION_KEY 13 -2.98023e-08 1 0 -1 -2.98023e-08 0 0 0 1 
1 7 266.7322 -98 255.5871 -0.5 0 -0.866025 0 1 0 0.866025 0 -0.5 32123a.dat
0 !LEOCAD PIECE POSITION_KEY 1 353.024 236.126 38 
0 !LEOCAD PIECE POSITION_KEY 14 -40 -70 8 
1 0 353.0238 -38 236.1256 0.866025 0 -0.5 0 1 0 0.5 0 0.866025 3708.dat
0 !LEOCAD PIECE POSITION_KEY 1 327.043 221.126 38 
0 !LEOCAD PIECE POSITION_KEY 14 -70 -70 8 
1 7 327.043 -38 221.1256 -0.5 0 -0.866025 0 1 0 0.866025 0 -0.5 94925.dat
0 !LEOCAD PIECE POSITION_KEY 1 378.004 252.858 39 
0 !LEOCAD PIECE POSITION_KEY 14 -10 -68 9 
0 !LEOCAD PIECE ROTATION_KEY 1 0.5 -0.866025 0 0.866025 0.5 0 0 0 1 
0 !LEOCAD PIECE ROTATION_KEY 14 0 -1 0 1 0 0 0 0 1 
1 8 378.0045 -39 252.8576 0.5 0 0.866025 0 1 0 -0.866025 0 0.5 6542b.dat
0 !LEOCAD PIECE POSITION_KEY 1 353.024 236.126 39 
0 !LEOCAD PIECE POSITION_KEY 14 -40 -70 9 
1 0 353.0238 -39 236.1256 0.866025 0 -0.5 0 1 0 0.5 0 0.866025 62462.dat
1 16 283.7418 -38 196.1256 -0.5 0 -0.866025 0 1 0 0.866025 0 -0.5 32219.dat
1 16 422.3058 -38 276.1256 0.5 0 0.866025 0 1 0 -0.866025 0 0.5 32219.dat
1 7 452.6166 -38 293.6255 0.5 0 0.866025 0 1 0 -0.866025 0 0.5 32123a.dat
1 7 253.4309 -38 178.6255 0.5 0 0.866025 0 1 0 -0.866025 0 0.5 32123a.dat
0 STEP
0 !LPUB ASSEM PLACEMENT LOCAL CENTER PAGE INSIDE -0.00967195 0.208048
0 !LPUB ASSEM MODEL_SCALE LOCAL  0.5000
0 !LPUB PLI CONSTRAIN LOCAL HEIGHT 5.38
0 !LEOCAD GROUP END
0 !LEOCAD GROUP BEGIN Group #4
1 7 -134.5243 -38 212.7707 0.5 0 -0.866025 0 1 0 0.866025 0 0.5 32123a.dat
1 7 -333.7097 -38 327.7705 0.5 0 -0.866025 0 1 0 0.866025 0 0.5 32123a.dat
1 16 -303.399 -38 310.2705 0.5 0 -0.866025 0 1 0 0.866025 0 0.5 32219.dat
1 16 -164.8352 -38 230.2707 -0.5 0 0.866025 0 1 0 -0.866025 0 -0.5 32219.dat
0 !LEOCAD PIECE POSITION_KEY 1 -234.117 270.271 39 
0 !LEOCAD PIECE POSITION_KEY 14 -40 -70 9 
1 0 -234.1171 -39 270.2705 -0.866025 0 -0.5 0 1 0 0.5 0 -0.866025 62462.dat
0 !LEOCAD PIECE POSITION_KEY 1 -261.098 283.539 39 
0 !LEOCAD PIECE POSITION_KEY 14 -10 -68 9 
0 !LEOCAD PIECE ROTATION_KEY 1 0.5 0.866025 0 -0.866025 0.5 0 0 0 1 
0 !LEOCAD PIECE ROTATION_KEY 14 0 -1 0 1 0 0 0 0 1 
1 8 -261.0978 -39 283.5385 0.5 0 -0.866025 0 1 0 0.866025 0 0.5 6542b.dat
0 !LEOCAD PIECE POSITION_KEY 1 -208.136 255.27 38 
0 !LEOCAD PIECE POSITION_KEY 14 -70 -70 8 
1 7 -208.1364 -38 255.2705 -0.5 0 0.866025 0 1 0 -0.866025 0 -0.5 94925.dat
0 !LEOCAD PIECE POSITION_KEY 1 -234.117 270.271 38 
0 !LEOCAD PIECE POSITION_KEY 14 -40 -70 8 
1 0 -234.1171 -38 270.2705 -0.866025 0 -0.5 0 1 0 0.5 0 -0.866025 3708.dat
0 !LEOCAD PIECE POSITION_KEY 1 -207.826 185.809 98 
0 !LEOCAD PIECE POSITION_KEY 13 -105 -110 68 
0 !LEOCAD PIECE POSITION_KEY 14 -105 -10 68 
0 !LEOCAD PIECE ROTATION_KEY 1 -0.5 -0.866025 0 0.866025 -0.5 0 0 0 1 
0 !LEOCAD PIECE ROTATION_KEY 13 -2.98023e-08 1 0 -1 -2.98023e-08 0 0 0 1 
1 7 -207.8256 -98 185.8092 -0.5 0 0.866025 0 1 0 -0.866025 0 -0.5 32123a.dat
0 !LEOCAD PIECE POSITION_KEY 1 -228.61 197.809 98 
0 !LEOCAD PIECE POSITION_KEY 13 -81 -110 68 
0 !LEOCAD PIECE POSITION_KEY 14 -81 -10 68 
0 !LEOCAD PIECE ROTATION_KEY 1 0.866025 -0.5 0 0.5 0.866025 0 0 0 1 
0 !LEOCAD PIECE ROTATION_KEY 13 -1 -5.96046e-08 0 5.96046e-08 -1 0 0 0 1 
1 8 -228.6101 -98 197.8091 0.866025 0 0.5 0 1 0 -0.5 0 0.866025 6587.dat
0 !LEOCAD PIECE POSITION_KEY 1 -157.825 272.411 98 
0 !LEOCAD PIECE POSITION_KEY 13 -105 -110 68 
0 !LEOCAD PIECE ROTATION_KEY 1 -0.5 -0.866025 0 0.866025 -0.5 0 0 0 1 
0 !LEOCAD PIECE ROTATION_KEY 13 -2.98023e-08 1 0 -1 -2.98023e-08 0 0 0 1 
1 7 -157.8254 -98 272.4115 -0.5 0 0.866025 0 1 0 -0.866025 0 -0.5 32123a.dat
0 !LEOCAD PIECE POSITION_KEY 1 -233.806 200.809 98 
0 !LEOCAD PIECE POSITION_KEY 13 -75 -10 68 
1 7 -233.8061 -98 200.809 -0.5 0 0.866025 0 1 0 -0.866025 0 -0.5 32123a.dat
0 !LEOCAD PIECE POSITION_KEY 1 -178.61 284.411 98 
0 !LEOCAD PIECE POSITION_KEY 13 -81 -110 68 
0 !LEOCAD PIECE ROTATION_KEY 1 0.866025 -0.5 0 0.5 0.866025 0 0 0 1 
0 !LEOCAD PIECE ROTATION_KEY 13 -1 -5.96046e-08 0 5.96046e-08 -1 0 0 0 1 
1 8 -178.6101 -98 284.4115 0.866025 0 0.5 0 1 0 -0.5 0 0.866025 6587.dat
0 !LEOCAD PIECE POSITION_KEY 1 -214.117 304.911 98 
0 !LEOCAD PIECE POSITION_KEY 12 -40 -110 69 
0 !LEOCAD PIECE POSITION_KEY 13 -40 -110 68 
1 320 -214.1171 -98 304.9115 -0.5 0 0.866025 0 1 0 -0.866025 0 -0.5 32034.dat
0 !LEOCAD PIECE POSITION_KEY 1 -264.117 218.309 98 
0 !LEOCAD PIECE POSITION_KEY 12 -40 -10 69 
0 !LEOCAD PIECE POSITION_KEY 13 -40 -10 68 
1 320 -264.1169 -98 218.3092 -0.5 0 0.866025 0 1 0 -0.866025 0 -0.5 32034.dat
0 !LEOCAD PIECE POSITION_KEY 1 -287.229 348.277 98 
0 !LEOCAD PIECE POSITION_KEY 11 45 -111 69 
0 !LEOCAD PIECE POSITION_KEY 13 45 -111 68 
0 !LEOCAD PIECE ROTATION_KEY 1 -0.5 -0.866025 0 0.866025 -0.5 0 0 0 1 
0 !LEOCAD PIECE ROTATION_KEY 11 2.98023e-08 1 1.19209e-07 -1 2.98023e-08 3.55271e-15 0 -1.19209e-07 1 
1 7 -287.2292 -98 348.2774 -0.5 0 0.866025 0 1 0 -0.866025 0 -0.5 32123a.dat
0 !LEOCAD PIECE POSITION_KEY 1 -337.729 260.809 98 
0 !LEOCAD PIECE POSITION_KEY 11 45 -10 69 
0 !LEOCAD PIECE POSITION_KEY 13 45 -10 68 
0 !LEOCAD PIECE ROTATION_KEY 1 -0.5 -0.866025 0 0.866025 -0.5 0 0 0 1 
0 !LEOCAD PIECE ROTATION_KEY 11 2.98023e-08 1 1.19209e-07 -1 2.98023e-08 3.55271e-15 0 -1.19209e-07 1 
1 7 -337.729 -98 260.8091 -0.5 0 0.866025 0 1 0 -0.866025 0 -0.5 32123a.dat
0 !LEOCAD PIECE POSITION_KEY 1 -300.239 295.744 98 
0 !LEOCAD PIECE POSITION_KEY 11 30 -59 68 
0 !LEOCAD PIECE ROTATION_KEY 1 0.5 0.866025 0 -0.866025 0.5 0 0 0 1 
0 !LEOCAD PIECE ROTATION_KEY 11 8.9407e-08 -1 -1.19209e-07 1 8.9407e-08 1.06581e-14 0 -1.19209e-07 1 
1 0 -300.2387 -98 295.7442 0.5 0 -0.866025 0 1 0 0.866025 0 0.5 3705.dat
0 !LEOCAD PIECE POSITION_KEY 1 -314.739 270.629 98 
0 !LEOCAD PIECE POSITION_KEY 11 30 -30 69 
0 !LEOCAD PIECE POSITION_KEY 13 30 -30 68 
0 !LEOCAD PIECE ROTATION_KEY 1 0.866025 -0.5 0 0.5 0.866025 0 0 0 1 
0 !LEOCAD PIECE ROTATION_KEY 11 -1 0 0 0 -1 -1.19209e-07 0 -1.19209e-07 1 
1 0 -314.7386 -98 270.6295 0.866025 0 0.5 0 1 0 -0.5 0 0.866025 32039.dat
0 !LEOCAD PIECE POSITION_KEY 1 -284.239 323.457 98 
0 !LEOCAD PIECE POSITION_KEY 11 30 -91 69 
0 !LEOCAD PIECE POSITION_KEY 13 30 -91 68 
0 !LEOCAD PIECE ROTATION_KEY 1 0.866025 -0.5 0 -0.5 -0.866025 0 0 0 -1 
0 !LEOCAD PIECE ROTATION_KEY 11 -1 0 0 0 1 5.96046e-08 0 5.96046e-08 -1 
1 0 -284.2388 -98 323.4569 0.866025 0 -0.5 0 -1 0 -0.5 0 -0.866025 32039.dat
0 !LEOCAD PIECE POSITION_KEY 1 -256.918 330.777 98 
0 !LEOCAD PIECE POSITION_KEY 11 10 -111 69 
0 !LEOCAD PIECE POSITION_KEY 13 10 -111 68 
1 0 -256.9184 -98 330.7775 0.866025 0 -0.5 0 -1 0 -0.5 0 -0.866025 3705.dat
0 !LEOCAD PIECE POSITION_KEY 1 -307.418 243.309 98 
0 !LEOCAD PIECE POSITION_KEY 11 10 -10 69 
0 !LEOCAD PIECE POSITION_KEY 13 10 -10 68 
1 0 -307.4181 -98 243.3091 0.866025 0 -0.5 0 -1 0 -0.5 0 -0.866025 3705.dat
1 0 -257.4183 -98 329.9115 0.866025 0.5 0 0 0 -1 -0.5 0.866025 0 32014.dat
0 !LEOCAD PIECE POSITION_KEY 1 -307.418 243.309 98 
0 !LEOCAD PIECE POSITION_KEY 11 10 -10 68 
1 0 -307.4181 -98 243.3091 0.866025 0 -0.5 0 -1 0 -0.5 0 -0.866025 32014.dat
0 !LEOCAD PIECE POSITION_KEY 1 -290.098 233.309 78 
0 !LEOCAD PIECE POSITION_KEY 11 -10 -10 48 
1 15 -290.0977 -78 233.3091 0.866025 -0.5 0 0 0 1 -0.5 -0.866025 0 32126.dat
1 7 -180.816 -68 262.591 0 -0.866025 -0.5 -1 0 0 0 0.5 -0.866025 4274.dat
1 7 -190.816 -68 245.2705 0 -0.866025 -0.5 -1 0 0 0 0.5 -0.866025 4274.dat
1 7 -200.816 -68 227.95 0 -0.866025 -0.5 -1 0 0 0 0.5 -0.866025 4274.dat
1 7 -210.816 -68 210.6296 0 -0.866025 -0.5 -1 0 0 0 0.5 -0.866025 4274.dat
1 1 -290.0977 -68 233.3091 0 0.866025 0.5 -1 0 0 0 -0.5 0.866025 43093.dat
1 7 -282.4181 -98 286.6101 -0.5 0.866025 0 0 0 -1 -0.866025 -0.5 0 3705.dat
1 0 -220.8158 -78 193.3092 0.866025 -0.5 0 0 0 1 -0.5 -0.866025 0 32039.dat
1 0 -170.8158 -78 279.9117 0.866025 -0.5 0 0 0 1 -0.5 -0.866025 0 32039.dat
1 7 -277.4182 -98 295.2706 -0.5 0.866025 0 0 0 -1 -0.866025 -0.5 0 32013.dat
1 7 -287.4183 -98 277.95 -0.5 0.866025 0 0 0 -1 -0.866025 -0.5 0 32013.dat
1 0 -170.8158 -58 279.9117 0 -0.866025 -0.5 -1 0 0 0 0.5 -0.866025 11214.dat
1 0 -190.816 -63 245.2705 -0.866025 0 -0.5 0 1 0 0.5 0 -0.866025 32017.dat
1 7 -264.1169 -63 218.3092 -0.5 0 0.866025 0 1 0 -0.866025 0 -0.5 32063.dat
1 4 -287.4183 -68 277.95 0 -0.866025 -0.5 -1 0 0 0 0.5 -0.866025 32062.dat
1 4 -277.4182 -68 295.2706 0 0.866025 -0.5 1 0 0 0 -0.5 -0.866025 32062.dat
1 0 -272.4184 -63 303.9307 -0.866025 0 -0.5 0 1 0 0.5 0 -0.866025 32449.dat
1 0 -257.4183 -53 329.9115 -0.866025 0 -0.5 0 1 0 0.5 0 -0.866025 6632.dat
1 0 -307.4181 -53 243.3091 0.5 0 0.866025 0 -1 0 0.866025 0 -0.5 32056.dat
1 7 -195.816 -53 236.6103 -0.866025 0 -0.5 0 1 0 0.5 0 -0.866025 32063.dat
1 7 -220.8158 -58 193.3092 0 0.866025 0.5 -1 0 0 0 -0.5 0.866025 18651.dat
1 7 -307.4181 -58 243.3091 0 0.866025 0.5 -1 0 0 0 -0.5 0.866025 18651.dat
1 7 -257.4183 -58 329.9115 0 -0.866025 0.5 1 0 0 0 0.5 0.866025 6587.dat
1 7 -224.1171 -43 287.591 -0.866025 0 -0.5 0 1 0 0.5 0 -0.866025 3650c.dat
1 7 -219.1173 -39 296.2513 -0.5 0 0.866025 0 1 0 -0.866025 0 -0.5 3749.dat
1 320 -214.1171 -38 304.9115 -0.5 0 0.866025 0 1 0 -0.866025 0 -0.5 32034.dat
1 0 -244.4281 -68 322.4114 0.5 -0.866025 0 0 0 -1 0.866025 0.5 0 32449.dat
1 0 -183.8062 -68 287.4116 0.5 -0.866025 0 0 0 -1 0.866025 0.5 0 32449.dat
1 0 -257.4183 -38 329.9115 0 -0.866025 0.5 1 0 0 0 0.5 0.866025 10197.dat
1 0 -170.8158 -38 279.9117 0 0.866025 0.5 -1 0 0 0 -0.5 0.866025 10197.dat
1 0 -277.4182 -38 295.2706 -0.866025 0 -0.5 0 1 0 0.5 0 -0.866025 32034.dat
1 0 -190.816 -38 245.2705 -0.866025 0 -0.5 0 1 0 0.5 0 -0.866025 32034.dat
1 4 -205.8161 -38 219.2898 -0.5 0 0.866025 0 1 0 -0.866025 0 -0.5 32062.dat
1 0 -307.4181 -38 243.3091 0 -0.866025 -0.5 -1 0 0 0 0.5 -0.866025 32014.dat
1 4 -292.4181 -38 269.2898 -0.5 0 0.866025 0 1 0 -0.866025 0 -0.5 32062.dat
1 4 -281.4374 -38 228.3092 -0.866025 0 -0.5 0 1 0 0.5 0 -0.866025 32062.dat
1 0 -264.1169 -38 218.3092 -0.5 0 0.866025 0 1 0 -0.866025 0 -0.5 59443.dat
1 4 -246.7967 -38 208.3092 -0.866025 0 -0.5 0 1 0 0.5 0 -0.866025 32062.dat
1 0 -220.8158 -38 193.3092 0 0.866025 -0.5 1 0 0 0 -0.5 -0.866025 32014.dat
0 !LEOCAD GROUP END
1 7 -238.617 -98 262.4763 -0.5 0 0.866025 0 1 0 -0.866025 0 -0.5 3706.dat
1 72 -224.6171 -98 286.725 -0.866025 0 -0.5 0 1 0 0.5 0 -0.866025 3648b.dat
0 STEP
0 !LPUB ASSEM MODEL_SCALE LOCAL  0.5000
0 !LPUB INSERT MODEL
0 !LPUB INSERT PAGE
0 STEP
0 !LPUB BOM SORT_BY SORT_OPTION LOCAL "Part Size"
0 !LPUB BOM CONSTRAIN LOCAL HEIGHT 10.36
0 !LPUB INSERT PAGE
0 !LPUB INSERT BOM
0 STEP
0 !LPUB INSERT COVER_PAGE BACK
